data 40 27
-2.5		2.5	0.0
2.5		2.5	0.0
2.5 		2.5	15.0
-2.5		2.5	15.0
-7.5		2.5	15.0
-7.5		2.5	25.0
7.5		2.5	25.0
7.5		2.5	20.0
12.5		2.5	20.0
12.5		2.5	30.0
7.5		2.5	30.0
2.5		2.5	30.0
2.5		2.5	40.0
-2.5		2.5	40.0
-2.5		2.5	30.0
-7.5		2.5	30.0
-12.5		2.5	30.0
-12.5		2.5	10.0
-7.5		2.5	10.0
-2.5		2.5	10.0
-2.5		-2.5	0.0
2.5		-2.5	0.0
2.5 		-2.5	15.0
-2.5		-2.5	15.0
-7.5		-2.5	15.0
-7.5		-2.5	25.0
7.5		-2.5	25.0
7.5		-2.5	20.0
12.5		-2.5	20.0
12.5		-2.5	30.0
7.5		-2.5	30.0
2.5		-2.5	30.0
2.5		-2.5	40.0
-2.5		-2.5	40.0
-2.5		-2.5	30.0
-7.5		-2.5	30.0
-12.5		-2.5	30.0
-12.5		-2.5	10.0
-7.5		-2.5	10.0
-2.5		-2.5	10.0
4	1	2	3	4
4	19	20	4	5
4	18	19	16	17
4	6	7	11	16
4	8	9	10	11
4	15	12	13	14

4	22	21	24	23
4	40	39	25	24
4	39	38	37	36
4	27	26	36	31
4	29	28	31	30
4	32	35	34	33

4	22	23	3	2
4	25	26	6	5
4	29	30	10	9
4	32	33	13	12

4	40	21	1	20
4	37	38	18	17
4	27	28	8	7
4	34	35	15	14
4	23	25	5	3
4	30	32	12	10
4	35	37	17	15

4	38	40	20	18
4	26	27	7	6
4	21	22	2	1
4	28	29	9	8